tree
version=v4
num_class=1
num_tree_per_iteration=1
label_index=0
max_feature_idx=20
objective=lambdarank
feature_names=raw_momentum_252_5 smart_residual_mom_189_42 rel_downside_beta_252 rel_upside_beta_63 smart_beta_hml_252 downside_beta_42 upside_beta_42 size_mom_126 val_roc_pb_252 val_roc_pe_252 log_mcap val_mom_dist_252_21 gross_profitability filing_clock_expected_until short_flow_ratio market_corr beta_mkt_interact abnormal_volume gdelt_tone_x_attention_21 gdelt_attention_5 near_52w_ratio_252_raw
feature_infos=[-0.86383821712244147:6.1099477282859498] [-0.27512101748440826:0.32322867071261296] [0.01:1] [0.01:1] [0.01:1] [0.01:1] [0.01:1] [-2.2590945099021624:3.0140986404804941] [-2.7512525778120125:4.3295581454744276] [-6.1391979972464465:5.9403892824306537] [0.011235955056179775:1] [0:1.3983047772213324] [0.021276595744680851:1] [-213:313] [0.039367586539539944:0.90895781884550009] [-0.15784156815269682:0.93597265990877454] [-0.40708654727559618:0.26458698666636526] [-8.1745794109812806:6.7856860341635681] [-32.918770370307342:27.870741824102666] [0.69314718055994529:11.317874960109936] [0.01:1]
tree_sizes=1901 1675 1563 1560 1674 1768 1882 1773 1783 1562 1551

Tree=0
num_leaves=16
num_cat=0
split_feature=4 10 13 10 17 12 19 20 16 20 13 10 10 16 10
split_gain=6.87443 8.20105 4.53097 6.01665 2.84448 3.16576 2.29419 2.21929 2.14786 2.13263 2.12309 1.33284 1.01687 0.948068 0.84233
threshold=0.1743635598569325 0.21966051857792038 44.500000000000007 0.91999738766980155 -0.022684248053687333 0.67928571428571438 6.2180022402231048 0.14359351988217969 -0.030935374189724755 0.12060606060606062 17.500000000000004 0.89830183861082746 0.067798774259448427 0.00079001805164545318 0.25862524785194985
decision_type=2 10 8 10 2 10 10 2 2 2 8 10 8 2 10
left_child=2 9 4 8 11 -6 -5 14 -4 13 -9 -1 -11 -2 -3
right_child=1 7 3 6 5 -7 -8 10 -10 12 -12 -13 -14 -15 -16
leaf_value=0.0064844609896386723 0.0030937996008314089 -0.0047794182732312524 0.012521968439298557 -0.00049711158082497227 -0.0011914138947999708 0.010732643166387248 -0.0098247464011774737 -0.0004018384033371425 0.0024802823731939175 0.0058286765018499744 -0.0038636567149655235 0.013063899153585778 0.00054414211394102671 0.009655589555782702 0.0043806518929323324
leaf_weight=36.972235404420644 15.951999709941445 3.9554395172745016 8.7359013389796001 19.674052662216127 30.591768752783537 11.469239397905765 22.019229386467487 97.588078065775335 76.575269534019753 17.126983257010579 260.20902389776893 21.668359954841435 75.453545306576416 23.128120712935925 23.230325397104025
leaf_count=1324 847 204 258 111 801 347 319 5167 2584 864 15302 183 4422 1148 1355
internal_value=0.000245172 -0.00103102 0.00313259 0.000608462 0.00627872 0.00223378 -0.005538 -0.00250368 0.00364172 0.00326152 -0.00292321 0.00909392 0.0015736 0.00712117 0.00292561
internal_weight=744.35 516.644 227.706 127.004 100.702 42.061 41.6933 384.983 85.3112 131.661 357.797 58.6406 92.5805 39.0801 27.1858
internal_count=35236 29309 5927 3272 2655 1148 430 22028 2842 7281 20469 1507 5286 1995 1559
is_linear=0
shrinkage=0.02


Tree=1
num_leaves=14
num_cat=0
split_feature=20 4 15 20 14 4 4 14 17 17 13 8 15
split_gain=37.8948 43.0562 14.0798 11.6602 9.62427 9.27123 7.99208 9.65659 7.91625 7.16959 4.21594 4.03037 3.64946
threshold=0.076082474226804128 0.12060606060606062 0.59119138029540597 0.23855670103092785 0.37053978119780057 0.23116161616161621 0.030151515151515155 0.41219162698524303 -0.16230216903856085 -0.34469797062162461 45.500000000000007 -0.020359621059562568 0.46031898239433772
decision_type=2 2 2 2 10 2 2 8 2 2 8 10 2
left_child=2 6 4 8 12 -5 11 -8 -3 -6 -4 -2 -1
right_child=1 3 10 5 9 -7 7 -9 -10 -11 -12 -13 -14
leaf_value=0.00079978800791095039 0.0039001360351491833 0.0035808151349571707 0.0069784214230205225 -0.00046572063086372138 0.00076421163958533098 -0.0056131493692717473 -0.001846948737818726 0.0059090815436798208 -0.0030181967870979991 0.0093449968561333079 0.017039149824997348 0.012744031903533142 -0.010064802546802276
leaf_weight=27.915591354481876 33.121210483834147 137.95333676040173 27.645709824748337 177.67085122875869 63.314115844666958 661.8627939322032 105.88300184812397 160.66505814902484 151.53979685436934 101.0135518508032 51.035136826336384 59.293500571511686 21.012489156797528
leaf_count=306 307 2315 282 3085 547 20864 1375 1553 2772 828 359 405 203
internal_value=-0.000121771 -0.00141535 0.00645388 -0.00333336 0.00375272 -0.00452565 0.00460977 0.0028327 0.000127959 0.00606351 0.0136361 0.00965008 -0.00397422
internal_weight=1779.93 1487.99 291.937 1129.03 213.256 839.534 358.963 266.548 289.493 164.328 78.6808 92.4147 48.9281
internal_count=35201 32676 2525 29036 1884 23949 3640 2928 5087 1375 641 712 509
is_linear=0
shrinkage=0.02


Tree=2
num_leaves=13
num_cat=0
split_feature=0 4 2 5 0 2 16 4 7 7 16 14
split_gain=31.4477 35.9312 16.9054 11.7593 8.15769 6.96173 9.42156 9.2065 4.78497 4.78141 4.63589 3.51388
threshold=-0.25741305653857216 0.12060606060606062 0.12308015989901117 0.95438144329896912 0.14868327035849729 0.94422680412371141 0.00016021784567002637 0.16747422680412374 -0.16443484421036911 -0.17773531476520607 0.010156119100571072 0.35278003038912481
decision_type=2 2 2 2 2 2 2 2 8 8 2 10
left_child=5 4 8 -4 9 6 7 -1 -3 -2 -6 -8
right_child=1 2 3 -5 10 -7 11 -9 -10 -11 -12 -13
leaf_value=0.010731214563400175 0.0062365744891899359 0.0096023414167621252 -0.0048908689230018109 0.0055642474123556605 0.0077381136106984697 0.012903909850694832 0.0008921746447950969 -0.0042103406846548831 0.00099152184210898257 -0.0023422568038231053 0.0015674773415518279 0.0087579433865809138
leaf_weight=20.617629176005721 34.357772508636117 31.466080349870026 813.92047843011096 44.622166029643267 181.75388847757131 46.841963316313922 27.667916071135551 68.65272718667984 127.42545377463102 97.058175024576485 67.206317454576492 132.51390736969188
leaf_count=183 345 399 24602 835 1660 305 405 885 2671 1104 730 1194
internal_value=-1.76148e-05 -0.00127309 -0.00323313 -0.00434163 0.00396437 0.00588964 0.00452624 -0.000678831 0.00274616 -6.92216e-05 0.0060853 0.00741327
internal_weight=1694.1 1397.81 1017.43 858.543 380.376 296.294 249.452 89.2704 158.892 131.416 248.96 160.182
internal_count=35318 32346 28507 25437 3839 2972 2667 1068 3070 1449 2390 1599
is_linear=0
shrinkage=0.02


Tree=3
num_leaves=13
num_cat=0
split_feature=20 10 15 10 15 18 7 20 7 14 7 15
split_gain=51.3927 20.8057 11.2602 10.8389 10.7076 10.1149 8.61071 7.97631 7.20227 3.95823 2.28168 2.22017
threshold=0.070353535353535376 0.13559754851889685 0.55582708053571117 0.60694221508828261 0.59831753510094288 3.2465956438120398 0.1885382105887459 0.37056701030927841 0.21558003449541732 0.42192306744017666 -0.20319939696362785 0.46545623123416141
decision_type=2 8 2 10 2 8 10 2 8 8 8 2
left_child=3 8 6 4 5 -1 -3 -4 11 -10 -6 -2
right_child=1 2 7 -5 10 -7 -8 -9 9 -11 -12 -13
leaf_value=0.0034435999009170206 0.0055138371730690996 -0.0021779375683033311 -0.0015784660466104006 -0.004309915567821729 0.01046069979322403 0.01411682404072305 0.0038361617268067739 -0.0062805680052000446 0.00051469683011311966 0.011264627830213659 0.017531880535474619 -0.00019156304113393728
leaf_weight=161.39815019862726 35.362046378664672 335.8003370272927 227.08045175205916 29.154591664671898 42.733543019741774 44.945225917734206 131.77636817563325 398.96651161974296 17.898197317495942 58.832190384157002 44.295281730592251 108.99981602234766
leaf_count=1331 595 8839 5447 267 224 301 2323 12957 272 727 206 1828
internal_value=5.88376e-05 -0.00169723 -0.00282856 0.00720023 0.00835483 0.00582529 -0.000478424 -0.00458025 0.00388639 0.00879597 0.014218 0.00123432
internal_weight=1637.24 1314.72 1093.62 322.527 293.372 206.343 467.577 626.047 221.092 76.7304 87.0288 144.362
internal_count=35317 32988 29566 2329 2062 1632 11162 18404 3422 999 430 2423
is_linear=0
shrinkage=0.02


Tree=4
num_leaves=14
num_cat=0
split_feature=10 4 20 10 20 20 11 10 12 5 0 12 16
split_gain=51.2539 30.9177 22.4847 10.6449 7.86776 7.36897 5.74976 5.27064 4.87659 4.62956 4.48589 2.3222 1.75949
threshold=0.22940036006093342 0.12308015989901117 0.14359351988217969 0.033899387129724214 0.035463917525773207 0.070353535353535376 1.0519879545899828 0.27012557832121614 0.67928571428571438 0.58881443298969083 0.35102926697727738 0.11583184257602865 0.003460690892285291
decision_type=8 2 2 10 2 2 10 10 10 2 2 10 2
left_child=3 7 4 9 -3 6 -5 -2 -7 -1 -9 -4 -11
right_child=1 2 11 5 -6 8 -8 10 -10 12 -12 -13 -14
leaf_value=0.0036799157705419507 0.013751772995046017 0.011928017398088178 -0.0077438484222199788 0.0084765600216251263 1.9337616819343477e-05 -2.7969407999805547e-05 -0.00058418934215240064 0.00020085127850796625 0.005235493453617345 0.016564309807059387 0.0057767498767769673 -0.0052073255264953166 0.0097034711264480916
leaf_weight=29.875918579287827 16.805853987112641 26.245597092434764 306.36397208180279 141.05582281202078 119.64296034816653 225.31761916354299 34.742038783617318 143.44347403384745 101.40603344235569 34.771644465625286 95.651574799325317 295.61017369152978 37.704958793707192
leaf_count=296 136 179 11851 860 1773 4520 211 2033 1317 242 961 10675 275
internal_value=1.83926e-05 -0.00275209 -0.00480383 0.00461285 0.00222835 0.0034022 0.00669275 0.0032394 0.00161666 0.0104664 0.0024463 -0.00650895 0.0131757
internal_weight=1608.64 1003.76 747.863 604.874 145.889 502.522 175.798 255.901 326.724 102.353 239.095 601.974 72.4766
internal_count=35329 27608 24478 7721 1952 6908 1071 3130 5837 813 2994 22526 517
is_linear=0
shrinkage=0.02


Tree=5
num_leaves=15
num_cat=0
split_feature=10 20 0 5 14 7 7 20 20 9 10 18 10 20
split_gain=51.8038 24.9894 15.983 8.23456 7.8599 5.74297 4.42312 4.34191 4.17498 3.68012 3.3543 2.94062 2.94009 2.83729
threshold=0.12717187917669076 0.10050505050505053 0.35102926697727738 0.93407216494845369 0.35424744544017367 -0.17327014727720066 -0.45169188318361003 0.096391752577319606 0.30963917525773205 -1.006709862898391 0.033899387129724214 1.7857215593191862 0.22940036006093342 0.13701030927835053
decision_type=8 2 2 2 8 8 8 2 2 8 10 8 10 2
left_child=3 5 8 4 7 11 -6 -1 -3 -4 -5 -2 -7 -12
right_child=1 2 9 10 6 12 -8 -9 -10 -11 13 -13 -14 -15
leaf_value=-0.01238129152613354 -0.0014187966417103909 -0.0027524073374671438 0.011089453606980713 0.014637685827486025 0.012588732082199213 0.010072495888093523 0.0045563090727806952 0.00089525643140378355 -0.0062360404249250006 0.00023723504038595223 0.010407222778159453 0.0059868283958992496 0.0035123189465157542 0.0020447596856019955
leaf_weight=14.021029137074946 79.389952638186514 197.90174490632489 12.243941924534736 46.943287175148726 30.602630952373147 58.98662038333714 236.57027174020186 28.285444752778858 469.97111747087911 223.23391452571377 47.571673445403576 28.262200646102428 53.160305143333972 25.245507282204926
leaf_count=125 792 5812 240 241 194 457 2513 506 17439 5465 293 253 674 328
internal_value=9.82653e-05 -0.00216058 -0.00363177 0.00600005 0.00425316 0.0038749 0.00551987 -0.0036891 -0.00520944 0.000846017 0.0104417 0.000562628 0.00702134 0.00757496
internal_weight=1552.39 1123.15 903.351 429.24 309.479 219.799 267.173 42.3065 667.873 235.478 119.76 107.652 112.147 72.8172
internal_count=35332 31132 28956 4200 3338 2176 2707 631 23251 5705 862 1045 1131 621
is_linear=0
shrinkage=0.02


Tree=6
num_leaves=16
num_cat=0
split_feature=10 4 5 13 0 4 11 6 15 14 4 13 6 8 15
split_gain=48.1978 22.1602 10.6663 6.71532 5.86592 5.68948 5.33198 5.03314 3.93076 3.45168 3.03606 2.88009 2.77663 2.1178 1.14287
threshold=0.20231407169609419 0.1743635598569325 0.8666631601094047 66.500000000000014 -0.26541320599331297 0.22111111111111112 1.0471294491196164 0.81537976015148339 0.3679194460398823 0.47728037470738899 0.030770039974752791 29.500000000000004 0.76409636019356209 -0.38786030069220528 0.67891208970866812
decision_type=10 2 2 10 2 2 8 2 2 10 2 8 2 8 2
left_child=2 3 6 10 14 9 8 -8 -1 -4 -2 -6 -7 -5 -3
right_child=1 4 5 13 11 12 7 -9 -10 -11 -12 -13 -14 -15 -16
leaf_value=0.0075966754225676204 0.0077512586424834801 -0.0018930521385863207 0.0073423689060615931 0.0036305620518668515 -0.0039839940332010923 0.0074725985830808739 -0.0046694694338279049 0.0046458248102255574 0.0020778773111550463 0.01617491633256514 0.0020835174712652859 -0.0070410339158857461 0.00246655569368196 -0.0045591904959636767 0.0037016595814479076
leaf_weight=65.530538723804057 54.213987611234188 29.456480831373483 39.617244875058532 14.727310722693799 198.42323967674747 95.796331265941262 75.735782192554325 32.337452224455774 236.64957040920854 36.269263191148639 123.62973112426698 349.03365483833477 84.408183980733156 66.839576747268438 27.137343219481409
leaf_count=738 512 540 303 186 7777 836 1812 451 3420 216 2286 13811 729 1262 512
internal_value=-9.55894e-05 -0.00321258 0.00394222 0.00167217 -0.00530964 0.0071377 0.00193502 -0.00186513 0.00329579 0.0117193 0.00384496 -0.00594231 0.00515431 -0.00305443 0.000807364
internal_weight=1529.81 863.461 666.344 259.411 604.051 256.091 410.253 108.073 302.18 75.8865 177.844 547.457 180.205 81.5669 56.5938
internal_count=35391 26886 8505 4246 22640 2084 6421 2263 4158 519 2798 21588 1565 1448 1052
is_linear=0
shrinkage=0.02


Tree=7
num_leaves=15
num_cat=0
split_feature=10 4 0 10 7 16 0 7 16 0 15 10 19 13
split_gain=46.5121 23.3226 10.8733 8.43182 6.23475 6.92566 5.45282 8.07408 5.40698 4.9495 4.07713 3.31481 3.01015 2.59729
threshold=0.22940036006093342 0.12308015989901117 -0.2736046734995965 0.033899387129724214 -0.23131663464884153 0.010156119100571072 0.47405649713349335 -0.38626606365742505 -0.0073234547183976409 0.35102926697727738 0.5538823281535592 0.61536845054637157 4.5662746707301958 64.500000000000014
decision_type=8 2 2 10 10 2 2 8 2 2 2 10 10 10
left_child=3 9 11 4 -1 -6 7 -5 -8 13 -4 -3 -11 -2
right_child=1 2 10 6 5 -7 8 -9 -10 12 -12 -13 -14 -15
leaf_value=0.00183229384176292 0.0019697297091547453 0.0046663963480896324 -0.0038443855027242573 0.0078067985539255601 0.015150674786012706 0.0038116132567512133 0.013206892314379078 0.00043327256792827652 0.0035476594959681315 0.01176523477116569 -0.0073467302358152312 -0.0062718971063698923 0.0036984512034410116 -0.0041082572486424935
leaf_weight=41.175254788249731 81.729209957644343 54.47347943438217 225.00794739276171 71.329417172819376 61.430266182869673 34.197185393422842 34.762252857908607 333.12823085580021 69.114083684049547 25.313685985282063 339.50774665549397 12.929521353915332 67.992429370060563 41.607308063656092
leaf_count=227 1292 828 8706 538 356 255 373 5147 843 270 14683 241 734 822
internal_value=-3.91679e-05 -0.00311492 -0.00505434 0.004005 0.00839821 0.0111771 0.00280853 0.0017497 0.00687523 0.00253932 -0.00596001 0.00250715 0.0059885 -9.72168e-05
internal_weight=1493.7 848.561 631.919 645.137 136.803 95.6275 508.334 404.458 103.876 216.643 564.516 67.403 93.3061 123.337
internal_count=35315 27576 24458 7739 838 611 6901 5685 1216 3118 23389 1069 1004 2114
is_linear=0
shrinkage=0.02


Tree=8
num_leaves=15
num_cat=0
split_feature=10 4 6 5 16 12 13 16 13 12 14 13 9 16
split_gain=43.5242 19.4382 7.61812 7.35069 9.99585 5.57447 5.08745 4.91196 4.16858 4.69105 2.9056 2.06957 1.56819 1.11767
threshold=0.22940036006093342 0.12308015989901117 0.79190721649484541 0.8666631601094047 0.045188022596353385 0.28232998885172805 66.500000000000014 0.028150250431632568 11.500000000000002 0.082207207207207214 0.33404935878216679 8.5000000000000018 -0.26367886612925079 -0.0045809580239074424
decision_type=8 2 2 2 2 10 10 2 10 8 10 8 8 2
left_child=3 6 12 8 5 -5 10 -4 11 -10 -2 -1 -3 -8
right_child=1 2 7 4 -6 -7 13 -9 9 -11 -12 -13 -14 -15
leaf_value=0.0040443058327909514 0.008869600070394966 -0.0036933487422185197 -0.0025551295896347548 0.0043240785562137403 -0.0051846730698919567 0.010588111540435265 0.00012430689492701932 0.0075018752784778752 0.006833301848567285 -2.9699151180377376e-06 0.0022762795204600865 0.011635470265242866 -0.0067424623387843689 -0.0057133639668864649
leaf_weight=51.016946000512689 33.04015807621181 86.56513362750411 96.254710307810456 109.52346582245082 26.340849693864584 122.45922887139022 21.716644380241632 23.278920825570822 46.063326780684292 273.34600776806474 130.50663601700217 20.178823630325496 391.56142341159284 31.975436474662274
leaf_count=690 440 3521 3442 980 194 826 391 556 449 4288 1637 262 16886 661
internal_value=-0.000136513 -0.0032123 -0.00507233 0.00372493 0.0063371 0.00766199 0.00190476 -0.00055056 0.00198563 0.00100117 0.00365409 0.00632721 -0.00619928 -0.00339312
internal_weight=1463.83 814.899 597.66 648.929 258.324 231.983 217.239 119.534 390.605 319.409 163.547 71.1958 478.127 53.6921
internal_count=35223 27534 24405 7689 2000 1806 3129 3998 5689 4737 2077 952 20407 1052
is_linear=0
shrinkage=0.02


Tree=9
num_leaves=13
num_cat=0
split_feature=5 4 0 15 0 16 0 0 8 15 16 13
split_gain=28.7529 21.1071 9.67903 10.7243 7.13469 6.99753 5.29099 7.75541 5.70988 4.47783 4.40069 3.87776
threshold=0.8666631601094047 0.13065656565656569 -0.25037219126278731 0.60632473287900324 0.35102926697727738 0.00079001805164545318 -0.34354630505687334 -0.26541320599331297 -0.35080829732470459 0.54430802300729686 -0.022717222925179085 49.500000000000007
decision_type=2 2 2 2 2 2 2 2 8 2 2 10
left_child=1 4 5 -4 10 -3 8 -8 -2 -9 -1 -6
right_child=6 2 3 -5 11 -7 7 9 -10 -11 -12 -13
leaf_value=0.00877154403615381 0.0034870694446987632 -0.0043921841245820074 -0.0020517512705067612 -0.0071993603712284526 0.0099714145422866284 0.0050519719790684779 -0.0062079941570597486 0.0067319111605845831 0.013417609099011879 0.0015424682969051562 -0.0011600868525828984 0.0022196294873516021
leaf_weight=20.065957622602582 44.380880958400667 48.014336909167469 390.10645121475682 277.16434876387939 70.898168373852968 86.47531111119315 29.534921950660646 150.35904761916026 49.672049092128873 119.98850325588137 115.80844466621056 41.367778744548559
leaf_count=270 319 815 12858 12031 625 1107 263 1473 316 2480 2073 540
internal_value=9.41038e-05 -0.00163495 -0.00321194 -0.00419749 0.00345283 0.00167277 0.00469479 0.00337672 0.00881766 0.00444285 0.000359987 0.00715985
internal_weight=1443.84 1049.9 801.76 667.271 248.14 134.49 393.935 299.882 94.0529 270.348 135.874 112.266
internal_count=35170 30319 26811 24889 3508 1922 4851 4216 635 3953 2343 1165
is_linear=0
shrinkage=0.02


Tree=10
num_leaves=13
num_cat=0
split_feature=20 2 2 11 20 16 16 1 6 9 8 3
split_gain=37.0976 13.4817 9.8383 7.26035 5.11336 4.41508 6.5238 4.31198 4.67464 2.95044 2.68479 2.5618
threshold=0.06030303030303031 0.96922996002524731 0.06592783505154641 0.50222934819055154 0.35202540872643967 0.0058990806363797129 -0.026212843027036071 0.014024056086797484 0.8325257731958764 0.021145715918201139 -0.10246648045675016 0.06592783505154641
decision_type=2 2 2 8 2 2 2 2 2 10 8 2
left_child=5 2 11 -3 -4 6 -1 8 -7 -8 -5 -2
right_child=1 3 4 10 -6 7 9 -9 -10 -11 -12 -13
leaf_value=0.010773002452327476 0.011243665593164195 0.011565966839929633 -0.00085239699676316577 0.007341365252896314 -0.0038656579200651024 0.006597490210527357 -0.0023350234872792095 0.0029038286694376991 0.015212701796536721 0.0049668190587937467 -0.0031439431543712803 0.0023796388296310946
leaf_weight=37.852760354056954 14.587473747320471 44.158288220874965 353.17689022282138 13.178157741203902 624.3548750388436 50.963723032735288 48.896502732299268 34.396859623491764 54.570078294724226 38.834507204592228 30.404691617935896 86.05659298133105
leaf_count=257 159 301 9098 220 21528 354 483 212 322 335 539 1429
internal_value=-1.2805e-05 -0.00155044 -0.00216543 0.00594597 -0.00277897 0.00671967 0.00394918 0.00916045 0.0111533 0.000916718 0.000120057 0.00376238
internal_weight=1431.43 1165.92 1078.18 87.7411 977.532 265.514 125.584 139.931 105.534 87.731 43.5828 100.644
internal_count=35237 33274 32214 1060 30626 1963 1075 888 676 818 759 1588
is_linear=0
shrinkage=0.02


end of trees

feature_importances:
log_mcap=18
near_52w_ratio_252_raw=15
beta_mkt_interact=14
smart_beta_hml_252=13
raw_momentum_252_5=12
filing_clock_expected_until=10
market_corr=10
size_mom_126=9
short_flow_ratio=7
downside_beta_42=6
gross_profitability=5
rel_downside_beta_252=4
upside_beta_42=4
val_roc_pb_252=4
val_roc_pe_252=3
val_mom_dist_252_21=3
abnormal_volume=3
gdelt_tone_x_attention_21=2
gdelt_attention_5=2
smart_residual_mom_189_42=1
rel_upside_beta_63=1

parameters:
[boosting: gbdt]
[objective: lambdarank]
[metric: ndcg]
[tree_learner: serial]
[device_type: cpu]
[data_sample_strategy: bagging]
[data: ]
[valid: ]
[num_iterations: 11]
[learning_rate: 0.02]
[num_leaves: 31]
[num_threads: 0]
[seed: 42]
[deterministic: 0]
[force_col_wise: 0]
[force_row_wise: 0]
[histogram_pool_size: -1]
[max_depth: 4]
[min_data_in_leaf: 200]
[min_sum_hessian_in_leaf: 0.001]
[bagging_fraction: 0.85]
[pos_bagging_fraction: 1]
[neg_bagging_fraction: 1]
[bagging_freq: 1]
[bagging_seed: 400]
[bagging_by_query: 0]
[feature_fraction: 0.6]
[feature_fraction_bynode: 1]
[feature_fraction_seed: 30056]
[extra_trees: 0]
[extra_seed: 12879]
[early_stopping_round: 0]
[early_stopping_min_delta: 0]
[first_metric_only: 0]
[max_delta_step: 0]
[lambda_l1: 0]
[lambda_l2: 1]
[linear_lambda: 0]
[min_gain_to_split: 0]
[drop_rate: 0.1]
[max_drop: 50]
[skip_drop: 0.5]
[xgboost_dart_mode: 0]
[uniform_drop: 0]
[drop_seed: 17869]
[top_rate: 0.2]
[other_rate: 0.1]
[min_data_per_group: 100]
[max_cat_threshold: 32]
[cat_l2: 10]
[cat_smooth: 10]
[max_cat_to_onehot: 4]
[top_k: 20]
[monotone_constraints: ]
[monotone_constraints_method: basic]
[monotone_penalty: 0]
[feature_contri: ]
[forcedsplits_filename: ]
[refit_decay_rate: 0.9]
[cegb_tradeoff: 1]
[cegb_penalty_split: 0]
[cegb_penalty_feature_lazy: ]
[cegb_penalty_feature_coupled: ]
[path_smooth: 0]
[interaction_constraints: ]
[verbosity: -1]
[saved_feature_importance_type: 0]
[use_quantized_grad: 0]
[num_grad_quant_bins: 4]
[quant_train_renew_leaf: 0]
[stochastic_rounding: 1]
[linear_tree: 0]
[max_bin: 255]
[max_bin_by_feature: ]
[min_data_in_bin: 3]
[bin_construct_sample_cnt: 200000]
[data_random_seed: 175]
[is_enable_sparse: 1]
[enable_bundle: 1]
[use_missing: 1]
[zero_as_missing: 0]
[feature_pre_filter: 1]
[pre_partition: 0]
[two_round: 0]
[header: 0]
[label_column: ]
[weight_column: ]
[group_column: ]
[ignore_column: ]
[categorical_feature: ]
[forcedbins_filename: ]
[precise_float_parser: 0]
[parser_config_file: ]
[objective_seed: 16083]
[num_class: 1]
[is_unbalance: 0]
[scale_pos_weight: 1]
[sigmoid: 1]
[boost_from_average: 1]
[reg_sqrt: 0]
[alpha: 0.9]
[fair_c: 1]
[poisson_max_delta_step: 0.7]
[tweedie_variance_power: 1.5]
[lambdarank_truncation_level: 30]
[lambdarank_norm: 1]
[label_gain: ]
[lambdarank_position_bias_regularization: 0]
[eval_at: 5]
[multi_error_top_k: 1]
[auc_mu_weights: ]
[num_machines: 1]
[local_listen_port: 12400]
[time_out: 120]
[machine_list_filename: ]
[machines: ]
[gpu_platform_id: -1]
[gpu_device_id: -1]
[gpu_use_dp: 0]
[num_gpu: 1]

end of parameters

pandas_categorical:[]
